95500000005126012711126275115203332103110157
0637014011022600272103126126011256712521276103
301214340211601111084019999119211512118195742004295611230012
121501122873611252711162366116111054
029131562301302231562291316112130066051272
00141310629421137026225122134530020126
63102114230136214235212723012631274014120543
57010015262262126127127127127112641412630741270124
553127012500125125033212612610012503125130126031250126
27612512611271270126011250212712626432125126541253131122
12310000203037130143021425410862765713302
134283030297313012312712712620211213071251273651241125
7111114124372036861995511312620360822018176310130414512510227302
62242813292830302833328672932310302003310312
1329229735335141502113501661251127127127127513429
292305203212560677131151415140151415101246243
36510211012631101126016072371401306
7177767003115101411512132012310111607
1201457315153000010763141420101413151203150
140001401311314153023300572141504631027
30230314231723614675711271153326163206515
57730281011532126631514263361706214126101
11336203154871961134857732497647203525501030301288127113131327730
36131202021002313021203002960513028166
203671326201011367032122352231352830030
24110646327667615121131300116013071562311
41154261512600012512741150121201316612
2213321032511400606326320663012712451
1253601405016700110641150152300317
5152012151014012741171230122610302140153013
0155211112721212712721034312017531524117145
011272414036215163010762151431128721536
5810148200211721176241793203122200045829611953313424120233561
2623025972626112063220621621226363226200623
120123507606237661011203304330131304130
121221233501414280030316155633163276703157
291071551256417150322162810303120228330211
3317002731267006000500276133029003280
23032821293013762293300302313001129113200
67281313527121402731276211200228292662
303130672930102293002212970000212011531112312
431200280363331543101267136323028525206
3376213162261516606312103612003114198842412782546720023526
11122135001261576100411252037131340115731
032000101610216306073316612416212321
33600752871202215222712551130241030332
414001420050620307214523141013420033
1125101173151431313301151522134510015315
141123170712412622303300021253126127125125231000
2201262124201252012401270000124212600112611271321242
1126012703125001263311271271031251101256401261125210
11271251121261274304631501141472612046171157363
321317174281112701252430201431320125061314
00371285071053320265680250941110820695532008181412111014155318
52131611210250530142027320501001512
727012153013711250271313617176163626320003
326141401456210123331711411415121331271127411215
15120121430630125335114327025114154712123
13611110127060562620594591636261103155815831
4616141153150100321132013101036675113133
013121122601612023114251211441404110
02101041620400006414416073292292971196
5120887351442643151233263636331023716390
7963575915611150314910250200512219581241272057819884311427126040
0015275728013146213031103022830282322302230
3131313003030129229622260103000714150231440514
0963232041151140140529513525770512416152
111317131261270122214005281113414550121417000
6322126774131121514312301561137414155280305
06066002903050723030521261514231128827011
2611122211929205304113157257213002117121510312
31751514120311236136125212612661131876741536
33010330302973014151112012141411512247113143662
12124314141896200666203804582497116216862021143150611227912212155
530463131286706221621206530229212280328
12813120103133333310226131331417126111271278
4117730513001584121401301503003029290026131
560531144293611213122126362420311245252320
10126127130312712612711261253376212612501671620036
61131007120152661311536612153716131201210
1277211515122330310133346210470113154
711560613125127042885670430025913102616
242882160125301131261125012501246107035201410
106200467203924781246891194932025924145612172713127312112219963
060430331127000102240730300213301050
32130633128514102131573020293071150061261126
112608631705951251514561610121636173314259120
112511246102150014150102605262931310286622828
421733513429285140143641501020705151413
711010111370235120144031113121417211341263
1142742012623713134283116123112711302631311460200126
0127301254112510412000153100115122611211332143
021221401527051411200723191531106199786197644965165197
7420181256114261512361133101513663605114014150127203
400001531326226114034151013314572151427
16072100030521414015712710127125731011542941
015704115671420011243607062192436021531
1051126125740112712622126213127301243212731250012743
20123123123760133213720561514314254153332
1062313143133115611111513113142215152132011
215151015031551261273670071201437401533141521
12171370524116211320151413058037121415115326
122703127212433101241253012502212305124015137511434
20245287203114494688198116200927263513257147122137243060111512
1202031130214270625073113710662110
5528672820313130220310303126101131143033
712427012366771528240213701136067122600
31163003031175515521271261261124212600112612411133033
116124312730112512650512431262661251272617012411126125
010112411264016730703100011112520124111520
15107612012712712712630124127127127127112732001242012723
102615125126103021101000141123113358466241272931
02022907215351250022427125123314365151136116
058329013112356203174192913948115216785820215813318125341324111
2314150520012677122021453630621121114306
50560062310107314012560110063520103026
237413160312414140136289126011121312610
71763112811303061521602124013241401455320
21310011312126151276221527121341271261563126
11243312501101270012712722127231124124031312571231261270
1270030125126112711261271242012612656131271312411270127157
31271253562125311251124002060631261272513130321029
415458115812621154071622940130621261127275
1241212711251773241426139119552014701941215333922011262009167
15585928591248353166231131112802100031213
3131292928311133133130028360537315215300
11520771712536071034303013071363621377640
61420205713562333415163128414212153612431252
125030312501245710124126213123041251253013112723
6415013412612642132121132013311310114153121530
2132142314001402214101220141155102705122153
212130140115015141213001513131140417227300
1028114260106053112626300636363513528211131016
1601322141321523150121223512112422016636519880295265205105
4115520421342585325611534012612711265716705332113
1515120761313040261151271122162030301270000
4351371271612111203130286140121412436037134
301031525282977331520141763120415523246
33029303047213514145130030031421414270076
33030010302752933031131361040303030122810
01136623022291641292313131300303103130003011
0012651311293030229056280302023113127670
21376030406058241212429311413020234616124
1029132903145010525743172155124112718362002120194
7062327419481201127203629551330731012541000311471312
214011201502112215231515014713150422612144125
11256712414610730122012528062151514151372611
115100700733130253112346133104127700528
00011415011513021220155715272872516716729
131451000223021203131221331025723026400
13031265032313102627202913331281722723712
13634014313052135104172124151421112122731
350136029414628731131159121415572132657113
4126126300212620320430753301110281166020208660204
13411937220252359083291431208285115025847621740127
563506611591214370621113215015124582929511514
015359061672636237463260021527302841410150
12123112737712660702012301210316227076301401
363630611262062332600617170251211501414151213
1515371112311329031425530213323151547773
21067340212712611262101266512601252012403127112650
25304121520201414233122074372300291327154
5613434115010536165613601140761295622624
029029436283027601071221311925362001781921263829852036095191
1020422324115614264601131222312512413211270127001261127127
12503126112736123331262101270212531272772037130141
12610773290326126126245612230423121100
11621401031233193460201431411272300112
73266121313103013136721414710126622716
13310128001314403013145303030003606329314
0429311571293331113131217631292643012330130
0112923113226733113123317312613103031128301
33200485471311015014421331614311929201
67713115013215150355120111247113311910643200377193116
5860752548058132204315244551224131217130601029212813102
230129002912230302624291328130313130310000295
0324263311001077112521603113710023120
515763302127300011132113336361430612287
13121235301101245511111127131250112400124033127
11272012512211260124673024124126127301211432
712512736061012127012631121257121000212612703125127126
22113651212512373124121256711272125671241101261273
67005120211523119356912135766151210115
3150021186021231269405115151502301301303030611
0215104452021486720917332418046204648111072491186261161103122
212527121552057601550121553341433102353
07350071731120126514710151531302611230
51414371132710235133010631260233712014563
372126115124321022873322132133313611423
00131013141153722640131312771010400321
151515150151512030102503671731276021030
763115775204361314262271314520363351
51512612520112720660514150147291145736062636234
15150141127128412213362317620126120521040
1112351341101254520448761194956110620251109362041711261356932510120
1251251126125324216003300010534011230043
43127000127127133127112461504213331360057293
6322153736215121411631524162130312003
10073172911001331258711283027707767610600
70710017220711156151112111114152201410
151551432140100120200102201401376166
01314014367131531021515151547011623401401
1341123623612129140142731323151333101162111
130117002830230030407205812445118422024536518654
27219362881614920461426551427130021231271001272002324
60116041241110212633127124616005271124127321
124100253100126117629633011160365861514250
312030721115320145236629421415125711025134
06067500110303031330030233031027676304
21031016133067022601402607760111
1321106100166102101514201723030371127
02930013412531302951304311331514658142622847
141441003160414501229170315001415311215141
153731233151193520264976204804836120283300420448251457828111222
615261200121302661211370632323213152120
13165114140643131315153706050126127125062153
314229100415561207707200152111211531312
4006110211431091521214100126202502607
0171602051071315041636000142371055
130043051010112501256161241274005333617124
126267310136631361712731126112620125560320
77764150115461272951160326251201514030128
051241125166231712151001076414014052294132
249120378419856111107551968420317315857102271201031414140126100
3126106320333301216306026300161111215312
6216235560159013014315204503530003028612111
341251702126231128406703015142227331420
143712600071312313531003030293014723102853
511525128128606302836215703310120121
65112412615127356672124100372516
0723131022801303716310303300297043031133
3023303707051272125412246121405614290035120
12731231247602031287732828313102917002106045
451024220006519822222177751201611757215125124828157576360020
21522151513214313011266062705262163505626326
70601626362616631061511501273261431362203
103127126124151015273161605114101531211226012828
2613014134121367131071007230712611291012
3130703733601451006173151014012773110
275141150012662015133001131320314143215111
1401151001414001430113141500143315142660221
2115111411530022501125710233671531514529011
3130415512630612013311427776613360528310294
155629993920047319410311420757812027220956583091142442153173
6102021763626327703270527610262162230
00570126206036016431515321313361643121114
1215112326701126770328600121411200675301
251012621127261313911142176600211323212
52511400622725203110101266302617130
13030041073141130031414020213131220151400
001531332152315376130014331500121122214364
1300133314570172126126212562271221551012530233127
13266712112500033010030315012136101150212154
62745210855200064252404719912220014213251181271127102610585700631
014507121411366131431113113250513310371213
1515203320125121756263261027131430126101
3024111514124010071202362312801717532136
0031247221312631302000210262733290330029
33332929101229133122136530434128031323130
030291300130414001201605310293310031123
004403000300333003025422903165291333433
2141312240829312926211535127012731261413777295
324103424260151422131060259100502009792051191114
220651992391810124110228615458337713150144601520133
150015317635262600756206102061321015005
171511107282210513510012763143352920703
1133622400211150136033104132616621247634
0120136721431223122127702610303312512702
2124133012712441612533123730012712612032771203
525013000315335321300012512323712041
061061162413152121446303631128485613013
13325930006062715132620412113411503700
6173201248536102432006691957924331251947662262203892615571022
12310015111452830203292030303131229122283100031
13426280303231315200343414111331452132124
5101373284331556106222609200151130340523
1153363141133031511514313251277201271270011
1261212712010011252124524103734107110606
712010510513614126312671620361072005
7124112731210361721325512712631131373102
014723332837213554571551226251211411553296
7106012612711262233466301277122632111133720438259
19610916852011263920362269579241312711439478205877630300
626071312462625710346711632111425906011224
10141303142131146335062576021531230101241
1255431313241514014228226326615123417072
031551220013155071214015151421301512620210
301265127473126124711122112301150310102533
1402240601053412521124641210131126126002
33607025120112126302910556130142750426011
13310428292934141511152672267706071001256
115127381998121197753840120196753212320392595661324114125563261
130142773311132012301132054677230604
0120001250112731274023321313133163010306122
010594215005330030027214221412120153353307
1276726230712036633602930030212634201
26373029106101300407312131513131301320130
0110712011211311734141512606233435107
061628112415113310315060302110302414511
117661862852623028726613606126262513431302
7272294212670431103029581256126392025557822378204771248
84621302043152551056219331311412113126321233266711125
0230127100126126127377203171211014140011371
03303110775140100716363113529021631201
3702047204620446122012420442046361612044612428637105150
1073605461632410014141410117023111215362
6001113326616061663756006101610010006013061
431463160063213630601613456313604166113634
677016120125866006236462600263631605032113
021338314157204602204707113331012541124144616133
215760305802156271511273113031229791271182220144112621871
56656902419444202651430156160112477221125101263131250
3127512321242770211271260123112710271612511126126125
0212577312510274114014243130442940015707214
6136605122631113040217412001501431611628330
0281135947041510141128031374303127620301310
33130021123011031573307001414466730312631
51413261304633010294429406302211505225
15392021230129772813040072929231002290003
0072150124161057121565442515136367282014121
0305635142702360156111271141510140153113
239472018431132058712972175192201618137580131513422412420127125127
12740113015120212711313431256123273373125032131235
122315010312271241220200227133670702313033011
432262304152603132291001512013504152003
26284124610625663763052930301130374297363
33127037261315628294053032937211210661158928
328533251432105101503440226522373241
027163250302911152502007236293101110115
52913016136282803059606240210343571441291129
131512014111125126040051271151252930121032015556619487470
1967544203327511226215061211511512503033103047128203
315132015263777267114192862576292132929302829
372641240514155731413123711290130281001244960625
6362161036112607931110792126127123133031401114
730313012934342831276292292514291271311445107
031521314123001145128131343114121312793404214
1401532144316273717322861512531615115126221
203027526151224442871441512150120271273126128241
2613373712770212288693485645712166071368622
571072802439822044121214826211620312720403512315217041313629292101
01129284015117210212853410371514144115255255800
301411236131512115312733024528222880212760
2874072806127126002124221271143851241231124131
57230511265615102835924730515102823339265287
4261412291557622215826141541101413651251103413215
13214155128291001122723575591225625152143213723126
0031215171219612617152671158313314151130511911
715127002715342922712152915631496106224321342112
45147033195526896019851877854356171792002422212531014568313
5061426432511303021286151462900712217412634
130130121273181117594591213026615810123812211547572612112615
301521115125112611121271431550552528498527852286402024103
4592311371205112415161110626131102812081314524134611215899
251812212265501059631224711012715811325212585711276205
720155231141119731291065222811731131732812451066289533629826
60621002025114930535409713101611329528031211631156010115410912421
48128502610301221031151310112261107121078131142572851315273
3152195126301595501985791724504846983243652112030863026101122011227953
1263128576316861754106231318601310116525592911963015611
14615923113114441050181163209142105712164271022126302774
2825116112217931533111555922193191031514824481724323
15176321121611949215751188424139171221201112792410115025
9739211743122012411261123146124124105101241412711231196
612212152210120612161201214121471232121731231014123423142
115123021010112314116031261127401252349057601064323
1512289918783015761211429231211248001412301255927725122
22291030127911109552007692016949725037925111253182031451322022122105
1012021229171211330423115041710241120492582
6647178121114712635136024016119013061415121105812413
90950292164169604060105325203620471230291220363152043
20472047149261293124605142414267151958282427118512046
12412731581141101251321210122111421221266112931681241261010127123
29619871271192422271112212418225951163026116110119205055120
12255125121261202011017810165760915596312252649112812710246
100193220585620130860823082442111041119542054252
107397456431892141747202189221765113019450741967448116201748142756
21011550004136612429271031011119165725324132906
282110101711911142231713641251241113121113212524112015
31286403128572802613668055102420383204718823152046100
4102142040720412520431434126127591400622030762802411
164126122124091266124501412712416111524129258122212618118
29108250229301111211211213049114829272114125018502615
1427121430151424110114022713580461625914863258555182040
20471152653501313558549240430128101041413314001412
1230126706122140310115582010652177946474643421465201521106283307119
90111961111326310029710628634251008531133
0795657231182121126202742810612512792431812512571412633
127112210272528031075213292297254145713312204156204421
204622044861286135636151432132633252530262024311
2961167131531210313110154121000360712
0100312323012711313731310022912003265277
0070429283131012966731221062112525124311231
2299586340661713533310232061030152012203
12061241276223220287919369453575947772186552043572058615528912350
4125124515265141504282733712407230030522520
0100601330011031413201400502360123120
71122617430920215753141415731223141411542
000262135961635134323126323302152120154116
17330605031111517351431337712151501001415
1401141512020141153311370041020102123
01514261251262733761336624329513756156511225
255820011472812412412512711271522651151115143
21530144151162820007219875459124941192187120255914274145112323413
2300262062326320610026163001015962630620
6202756115510103060635107134410280305267132
15011121122220502951450260010260613306341352
3015153512501271256121253666121501531314231126
1731312712712660412501251001201703111261265141262125
361224712412712621255511253541253126212521212512530102
52151501453171353591471160326041422215304151
7112472512241231501350613303112572971226020016619512732
216520372412021511812321251221026301154216363617162636332
162623161636015712142031414250351461062313
312466351303145772960201551244014141534270
31514263624333126282106127126112634930316027314
120113121336120013022121231511514032145501
2213001231753330314144060321430030521515
14300131230141150015503630621029104120156
12251441414125411314113011014331267226614591
3263636363634122144310819976820265415678183199745279122710329107
59143115103303161511456226124214145141436715
610333042601014630632611303105214014113
2610051371272124125712422228501212460405936150
76261343072157001231201151343125115102871415151315
29101024938255131324563123302513214728326141221122132
31178141204251241244712424121301253022031227312402127
361231273211122212154126122152512422549117511554155416
326507572042772715201254141415151269511815309826941515
711299218111199588201854518507121204682037601326112127205030221210
1650496361059121144263941154291654242750125014611566017
829185215018121119271657263151313724145613242405
30225514582312321566282811781151258282762363034578207
126127152725812030135122514521545329151142751273141252125
7102302984612112601131276930260241001023017
2162511531562291130111225212381461271267141470
127120123912312141414151513136029737112885987411659
132602606215528423262811519112212011275033120
3153512612672720084866201438365246088192111445203613328106561030715
12292131231124472314133101010112100607171412
3121200125710051403412211200761266110214015133731
2833095917077021030122102040020421204231015302112
620445166122628351272316141201257361113121452
02040020602932157363359162323600161261
0612363253761635017236131136010612745800
053701592614326613602402131412001314227624
251120464112902973141000220422701236289231260
1610433562617176162415313293122402023836019371464146877
1947845622520351129111632133183102415212263150001333
42812713313615121115261413137303161213421566
10667280011223612106627001403342961511
420440012511212101632604102044214225430281078
61520276132100022712911303328451017431
562302120261275127203102937430562023315
0050312926072530430029376213414014313012
42931434312076310316134061557414162829915292037
02039248114429311356147326301151526131201222053639702
2872751312301513276120448161184463464445264219125394152040522211253
26318582552493126298611042105710013458122581221553
1256605711279136275564512026193172025562924532811848116392022
6062204362303220334544202225392520374410912034202527204280248995720473120262654
13633120351520255815920384544421101850562520335122046303512111741242035203818
5522916367422510631419391145115431512622320205520727451242525
114165512104712591103341373363112796126215656132612122151114
20105291134912421155924922121012234205110511010513113
01460114100793011307210507701141261270277126
82752614108372004127249644825036921980342120464729010312961331412515
23027131150267312012835307161614135310
2671066113014306121273663122612697621121427
3500126216007116614512110112341126263210
24100413331415312077121321236171241212641206141270
12512503312511154125125712517121274100631211201033
133135612613575033151414325141513352523
0142961345714404153121541601360135282513050
6621125312602124526126012321028229121582010752017221457125377
41202753191060512571273026622929366283104256001
7771071731266230303600527053031233230
9015101151366412561101352311351161626006
6205300536034315221525313132031133002126
00112712730741271265161270312501255676124125643304
1301301120014031323143002002552151262340
137621301113231012713228100710355472
13673560627041510729412233041251270423501
303112517142622811840199911522071562884198528720161320502414132
1229620303111310112672833300229303332293302
13300131029113031128751302817706127126124717
1241036122501304130136259314151443401530312
411410460715213132635312150505041243124504126
01271112721021012601110112133743671666
0033131332671233152310310121114023114
15213014143311331132134306002610413569260
43031359006206161543137214100363040071240
1253126023513012106382000125192783846126196845220345271557592615120
961100131010332802560202033011305606
53706293305025310412151364143303510125007
21522513051012560010731271011641512206
615121112426617133525125121312410124011265
1600061150126125627542031250312631323036
12021262651252127200312521253012601251012412720213127125
114711251260221212713127124077703151313627145820
25626241314141730351011124132353061715102
13072261630111225120382042931987424267919982201719862932910
1201324121500155717262060615163625053010006
7062256363736161590502041010101352232
312701310031212571270131401001021113331
731515015628100131324126127126034031121303115144
242140110620102211514211320312101322003
1012102076331601615317215126701171
6203501021330172512423126125065103415014
23113051456161513761611163151213342807312633
3012604123111260000027731271272107811963202693592001056
10620448104332034281055131332558122132073129405031329312925
72957130366671521731350126173151457
121550007012602160211543300137151116626
6701236011316720290115153131535840174147
302607292627313003103013120615511043031303132
129230228233031128223101226131141427040
32001401515151317601215276314134015303176
0062303360261326341215302103149204630320463415
101529302028710236661230125371151141561
3412431123154203057802518758143412620960111482513203717285146214
7601262011016373031215361303331013057
2113122877028310300222941413171713313363
6210271230063071314014420440114215731550011
151014420444161050313050132661314372020010
2016230613306036232602326160561603534052
20607000605141360732014215363351501
014147101211414212102030114011270173
72851312041111144204512046204721412071316321242602620
0591215602515140200211252753214420288950220751743121211
509852298204690317105693131102906776050013021
141410141537161531542433302201514201121272
107532833111296773125310263413000528301
041426001212045220460367612520304121501552607
63341500113020151470263503372310616
2112123121375153132215011260401513100240
2501702530152830027711613136310234121
1130303056328251101440377286103127602612
712231029571170061620011363123712730201242112
20493299720353104392040828137601062491226301412143012133
1401520641511431131021431522121140121310123
20015131221272771253312446124411403073003612732
060431515114343010142314560060360104012913514
0137110014152437201361251267141450400211012
141411301131155014037053100526212760
1513120314114560313130121313011211020200
0281128125155951331312160766051513111227715130
125060336312712511124212019410104402002742528068425085
5820342194609276121215834141427343142371501252
206051513012716131521771022315114101316
3030124561250124401430428106213105621341421
121552902951331512562216132503011303536602143
1300112600077253141270631300112156130
14033120021515144142212133201422401136
502772140153031515267010623204628131229
6116021113311452159121331226832103512612721
31265720270065125312311020045271217100881200122382031695812
27107124941303010287713363528030366003120
6530031211327270130136272743029316151131
526712761201429150121341063421414376124515
536306152720306152070112410126001241165254
12225077606117522342200127001263461124
011243125103303003112712603125112636721260127211
10017720371143621501331376011276124607
3141430107162512214122671320025126212523124021
113031251542611333202577601981027117216538920211427106151425
9412440131531133031141429228662280329415137
621375331512717106221154121122607712125
3312412642011144330313035154321605122134013
0331251221413056041514152602300711501104120
200510152513222012731212004302530773
0217411031121414133321411130214001301110
762131123121313041126414015142361431031128
115631614112013707761274371442864351401515
262361141271261261240125360211412107392004115215481012510620745
8420261429956413428611870203136071314050005021
76116171152072042141201353601017414
141415141417007126312612721501503531460713413
10591210141101291302302712001245813143125329
028028620223215130001323122140211214200214
3311513321033526215121752733130251414524
32143432370630525101311160077503029
02335146561111111300134103163372143276030
3143101212701002012612631112495413113462030619320111031
12521255106342033278426111256126126631141514730623163
517132723510210201171262241522612
15301610133152130601220317013271330137
21363631126312116201040013142406327122
017283670511511375141213311750261172
127061351172141530112151514150311132076
303663115130333126703211331301443027
73110312293053957112341221321246306160251207
295131320273507130311121256133121203220275474199
1251185121811333203762486061425912243115010267757207
0335105023629286004126713317612521
020021421130124110012541015153030311241263
22602301161320210031341012607215140280
323701201300133123311206423270414153112
15142102150150151331514127631213321141013130
132014141412214115211031132014001415115260
41213151471310293110762712021246361261713212
429614150135021131112412400126127127012514153107332027
955720712310121854782046226572331014121211423743012122101
1202601724213127307131155171313762115110
701201250110282313037152006231271315115
20729029328501223130112011546305140131335
56124023127126401315021112123011230015172
12771221211012121211133315001515621415266
12221511142211515069215176310210030136
51411202125225712126101271212251301411515326223
5014431122311332400013133032313103411266
2310020036276196991032045976202050132741351211326413013311310
1332377202515023616131515273667163
32212140221515206202860212146212712712624153
733030177511437530321321063171302630127
127127016141533113030027242024206315127414
0122541515302127612141110063525012152102
36023236600503612206007622721250
51240126261631276312610126127367601221014249
6066623631583131062312015103126012421272031271125
701606142140143273111645203386193684554721941202009227962106
29912262222857281507770502502537606436
26151155101760321602730572302002241521
204125232251246503041002136130540626211
61305831270028413140143371001270571106227
1433036514152100103255760177237017
3131075027712151115151221411527723326
1610055060302606123012902911311303103
02812913020330294103717137123152645301702214
263111265141628263332113132141413303611
71662716310243203383204481188920365199923381218313413597003
013155115130671332126153131430131213504130
021374142122643337220126231353136077
328400152631253272331212220001401312512421
0514231401023022121421130151531112321432
14561511023167750361713154016133013150
20651411221111411011414101501377131521635
230111612364106216230003133626361362063
63621632101632112131205022851192112546701134
77762271021136233115300376153115015220
042842721461102014617321710411121675582013251162613600412530503
115151114141500151136612115200213201321400012
215001513150121137350602312283024050512
6001063730015262931300711511241261273505124125
7131031625076215463053630622060303616260
156261013613620652630361632622527205134
20151067017022610433531520516100
40316063126701053172367221010661
34035716073272261211140127104262924131237
13312122127101263514011428261434330002623131
51105362031325066096492003119195910922507220014617412020
51313621552033291310131507167130113606
2292850431229231277291028017430411300132
13013733064626023142733328713015151610126126
124720270763112711311137102851300112706
1764301136206101132053171152142511
0562151531201414370431312761215136631151515
120304071214151557120040630270515110331
5141106300367700520742161500263712
010121501514277025023136812115641106016124
311701473315313233052376060011595635462
26171071257229640199795207298602181132006472191235124241546110
71201501414073262206161237236172301
131151421314151231151413131452306726000326
15201342811321115075127263201236161633
610066146303312563011452903101291121052
002013361325362831211230130032293329312
1133130206700723126131132911305027130133
329303028020302876230303717283124512012662
27331520621052511614133015315401561
12551343110015533030290701301513122102731462511
327313662130283329113031931310543203384199551022879197892043
5825912134152424101620025041315358016077133
526203600415033632415172152214015428
29616328110173001571241312612751201043313120
285111716764281302113602112740021521313
013147031412121140012215541401434431515353
0431527004103101550371401152770222014
1431121412320030121301413160721361512
0771311200123215571172126211253125715302551061
6010473312611312973145112515114204126720
151370512720311239203290223923759682071202007206314313513120211
151227633028772802911112263291333130312823031301
2903300031130230330311172141141403701250127
123315101353020062137166610130010026300
215127033021014151515271250125112420201271257712500
12207125331263125157312612630761251251706124126127125671
67527230717032770125126164312601262012127127
2301261271011261012501250321270331261126131245421242
312475124012547312655124112670047114110722564762
31602615123212112842110124303115022000300
472115150132632201084120017919311655327519987203031859828519
122800223047135130270511515301131402210
2617333276201511327712103129331317773
152652612450616212530312971021136701315050
6215021728266612420231272176106066112
1270720260623172271631270126211251270461
20020312421263641262124410123125076100711166
230622111332571331511620105734010675
306050141457121241002212502126125187285862
746017177147312124101270032722311127060
06225141242861224115372033931945410327792237720304211027124126
114229613331512041250507211342111140311
320735214142131501427610102115022063030
0300292327122161101240012612661301666281131
22411629301229421013171124315143011170281
280328712730021129292931031029660313013112955
12313147023030330102103101291330320290300
332820286720261404670720251414560221
607314145600123202062831150628328202280
005111211301540615126400013371028341332106
20914763600103063632026011130847103200655882029612144
2061172015471610123829721515671122605310280029223133
129643103115430002833130213029773026265140
1314031211510052162620604001010283100029
4140132125000112543173131131261270126271221313
4331292961213131304036115100210606330023
1722166215142021130003302140012733436
2372151431031512661333003132125731521330
2142122121510120030056001301421123122013
15142107617066763120229703551131621228
30662832313125121314335124373124312917271013130
26342312814001255975112741201512420085262392202121201424571426
91241209241401376062226310623361322603326361
10031277301026177302336621321121312
70203020612152035124400211262903131413014
141203310630314313145200029414151112633
020126012613312611125125212127032126312660456236
21231456314131103363042305026060357
526010772303050501127140302866302321
30572321021291302902917723112864013613
112016116210256121102412802061341605312
13261230312302876331302023712525173320258620166
45242771981083620451325841631124715141527125127321126562127
012574112612750501261263712231021271127033126127031125
012570131013110026275511337201058333014
35130311291102270513010271303076037303
31426510267022771210525212201522115
114207101417030716616227401102611116246
6116331120120036360002630630006222623663
331062163211600163162063636216230060622721515
3131371296102045201215420441111631373310612733
16015700005121330103131332642651201648841981253323
9519272452029523950665713627621415125205224127
227761074330301330442303293230313013031
13601013300124362613604003213729003130715
01151204520460232047112047110361561112903171115
67106602261316136067216263003215231142
50207514013672140141413315301311267233000
00012311533117113221501513215231420123314
1115132151531201501106314153001336281300
070311020411343202171451032044051426229111150
1141111414300120351634362202051851987149494656920011233
952046413429739634315123152102131320214111631
14321515200121020113216227461031626163
2177122326312901721372044204612044733031362901
2822900292320041272020440514037029031313291
030055301280672910313330000312966100170
00167130221003716160063300617173
3129006531260236172141215402021012151532
140151512214142600415015231345602020471538227
09302053291243122042036122725161281301030
3231000266171257222022865219995507314776620611655126251572044
4145232111736200101036116204406216326111
026163230100270177210010154117633111
061413163204460003124301313052113214302142
772705301406320440217131141143414061292720
26226000773101015110145515313313150115
1113001301412132310133114115111511100367
7526015141526603027701703026324475
05106320742120114220462046222046610295203325
31020051200632043150061280000206712929340
42105144263582520141142167963510482771978446301220422721028512
536161636136240660062517606302226596230061623
71463473021552135307111201224293101
71401372204627541503026282100043125001
313025321020450020472047152011517315025011031
30029323030020030120302125701625233
3067293100562830100129230320301303029402631
3240053141431331507293121115529030514551
210777041303766711700145204550131761243
12046121015150142924141514206710661062636236
33432611122632023558420612147554721242018246291320472350014557
93028415312231130443230281003301297501261
6101167144133031032230272703043115151527
30360271301537011314014151142717101662
150005327707122636363611402131021303070
160610613501623613413143131515015267215
11361713114321001416330716203760333
5236006331542131662130280332216070
346030142367652077211415511271001612
1409271036147512133631300711011616151015014
57013711302802300303031112022359202248772161184243119
2085110641103204212430115761031412312231430332211
03126126361412732121241271247776032717063110
23150221414251312922804264144444660421213
510300241301320132021311214428570415420062
2163032126063215460303012976028312436
2903140042051151110013772313142231312700
7112720610011077710001122176290313
2300312002902292290330301291012120203100
313023505261212076211430662931129414140137611
3613224762803191501114403376233463126431
4120312010498619910830972074987201716154580310287812771430022
73122332330101003122313293133012831231
127241326710607025122031271242702142
0674029100151154313161275613104126033126
3365131225401271265223410610214133015111514
276313622171623016173127124112126205
13302014325260010732170671203110
310132152214033142071511312212713311250001
5237131031153628333501352012571523105337
6131260530311572431513251213620388219455108107582018020292354
7285010122225131515261700623106000622526612
6200310510046261060617141213001413151317
12013036002121231271251251263871605290314314015
1150012633013027121262231246706311312011271
515114602101447012014313141131231214001500120
01006701205214215117314142715141414141
0151366201202140143124433151150152641320140
14200063124771243126113630105141102300331505
71524127171415022213151414151316415115629532615
932035921927146487324595572040722591124491213112826236501415
311314113113310315115504151140212321520130
10131201200326230292297000132123061271123
0253021644121150102120501425300071263
13312231414571214151152726015215021211315514
111331142131415211007200411504117221
07601251261463126126522607312730416127124216
4127126260151271265005110212512126167021101260
01241012427622713223062223079542154036460
4151452493051363012712501312701250212500020112
061473131121582030762177952438752487736902041239661122312210012
02125307635007133131244214230700655
7007326011167721422153120377061240014
2120660431207114590013720110131706326
0412170621721414155203028511131412012310
2130303167116016257143410115141221151
113021411457133671113255012152672153212
023131523001133031215032110301311506
1230150214014370500560115291331314223863
711293137707124362136160112152612112301511
5211373431251241127415191013720047219511763467622212433203838
301446015278123077144313012302920030772031303
02902860730312906431310131012331103021314
1012120122712421031512477327215114392620
60162633155017612263607112263284115015143122
00001271241330152606203031015150406346
176251241272612137017327125126026702352512
70611111150202100301314112716131523221
000014302151303001401455127621415121202134
70315121231012402127127124713298137123140132663064
1531234012210172310292311572030304015512762
551084319961222068219219712120034341331212012310308606200602321
2721422502510221306106257200230636260
6137532016231610022677412432129621400
3603112514003123411130127730002914000
12621241171412330533131462270629301204376
6331003122313002931311322970620270777
006314714314361610733130412211310206
3003003070410773302871016203012762931277
23029415230040112527126313110131062502412312
33373150143151302303670107301621024343
10320015667198971174193682033593011114261301558612030073671
2929371411753030260006230291033032935330
00320264122151452636052570616141231301473129
62115372023126401331215137676210157126037
012152826104071401245122012015152132145486
30015455330280605031261431233130303111311300
0305730101125312833129316629112291126052812821
30642713122603022734106126028603036414201
1710221255151301313263011703014702741211515
3312802802280291053262813512122290203588192874651478
91176198940277121177301237341510351076122614115958
561160305770262363506635813156110200243155
62141137230643191313144311272715162930030615
141143736362433021415151410314100012027125435
51401301221511271713150361032154350121503214
2311415050512151666006176251212712552427
122144113144171411370310152321214114126713
30617215112515641012413201261271127012541415154299
1140416628040165147012504145112131201061
00411514352963132312750199466183551254721987820161553247121228
43160711473136713113613020022733461605
1117703701217331303300145220133130
0721440771243101414135313031043015012013142
00322731426312415510411515145230296721303031
292027260328113130302829215406020137713
34512220131313213021431332141513314123143211
6201513314151500012672123151031312706131152
705027702315124066603111157314137612621
3623315240323094007412454212701265050363
207411246281194019981242458848249079216923523620392911568211227130
325127733127510292303040734022525011
2606110032152151140463141440203212643015
52287102113626263271221121543272141411276001
413326303030313511523310013266703313020
1205351237111314140115141521347060710
0061713013170531314100110771220630211
0000621261244300121143767201253120130112152214
11013246115541486336162612700021291420127511
001121546704213141472761375189620076118878461846974
19475201683248621011011530715311015636213263316300
616310003362632116161010643155766314133
31761227230131273136662122122115302721427
61462363110001215963631512300072830315
75700270623129176020030228291220303230
02855012425766033203013115000312153215
101523001501431314005514151331500323130142
122041265861242811072041444242614132741062
420201303013633113317163272114019352004119
2189536308063220104412297204559258571326614130112057117
2127112311712401264072232751271511270125760124
125145312414014001373312832972156312674607
31303253120115150141114031227722529111312
15593362155710127121293025300003151271113
31520131414131301513121415376310266140214
111532113215361773137172126127151610170
611413631266032514014451206171723011
68571039211531359316162521235286153214120712
27012333111366125126413428312121044520121221957953478124280
502045331135354244126122923123013031330366282806
0623101231310302800290023003013128131110
2801236121405613211674125331010316023030
7121460311613102613036131414127291233612
0013612433126126211112412507252570011251263175
12700101330012107412512547111706030212
31250127131250127231001261126127146312612711320031
212637712411241201271125662455121403163128957
41763161263713616216312103631261261112401667
651265010152429029121372040866320210701102006287204532858
5127268121110023137067215115311130013131500
1213014130501670212610733501221290
23131241412074124267312316731350220303655
67131114221415171031051221151272661621521
214155227142282877670372060073360070
0201151510012112172414140015001412100233
1151152706130013301411415151511415145514133023
15231401263576122374034102931071043130000
2650111541263073145072043302960723174262
14102210220055519060113101206792014217657829105119242420131422
0027731514311121413200015120201414143803
0214136162131567533315674310210631123102
15353003102630141531224501177315511280413
11536225251013103126112512112612641010023
2473152201057102424021514202141426054
426151421460620361621514264212141415213013
30210011131515143666552031103013112115589
3128414123135601210514161294131421030432102
6513771252512352114442024487020196187622276201922411279579
29961270110251103201511132014142121151433
31321200012301415104414221515140661312630125
1274313023622900111316646020155959210267
736173101426202029313303005226016131367
102261116629113100292902231100031282303
31290302173411223031103333131373429031
013103002203003100311131113111313111032830
07001212132124621153001123146071550006385
3130328662313151637141112751012671213034200576193105
1468205862820472045204182614568241412123031217617322420
3513400400601152531514131414352001
23135466141012702515331433113071251673
6133310506011262636251314353013112901770
71221377015111211323132312121663141030310
3131031004431231001011360172312810292330
3012013221282230303131311131132857012013
02832822813031312101071327617113156272272210
460006262512120131215371215252514137306
131428582041811976196147924038111511720479632487605125315702
031123226163521512761314152731320360
1620056285712902730147611213356330202
68313130721414136210204611204711204476720424131522
0125304753031151511136260402662346359124515
031133315606142831301292032715313331374
31114111713167212229631515729202933155285
1501342802936131426292227131136023031171312126
32500730287212642173312047103257336129216
214550141532043434325110077281502623131231
134125621562023411252227740045832439523124582231120416134268
615461611370733106033146361110331412220
62305322606605300732131630622616257123
03100770428101446212622047126307134110713
212420442322351443563130300294144515313151412
011131123725142321201514010151122111501303
11211205513541259054121523140114314540602
6041511457634120356223055615301502707620
031622076263058132314300013122685105251
161270229506219563620625314133522113429283
41514353047514442620143611521778263187203104322142045612241056
5132491127631112401250103121114533031246041265
6312512403002011125441212262272133150321153
3429231303013028051063527163122115013600129
307120214471559500596328731297042976293100
330213713012711501021531302700367066
12152225260165123011537224145110242111201
1263013412115143127012711251641270162121
3124121263012231277512692627003110512315231226
03029141341262163114373313003124333672141414
55613114996592005118223581234247905820304931117177101346052015
631262211351026532526722810330031305226
322913131322977280313412122661326730402163
241010123030002810417231220123235124121272124
13233732941211172631431401153121128280602
210110337282800163301111357121432101
7606670011010700222301033302102145
31347131311103130502533130203313126171331
65263142812851414312655422771411431146326
01372613137415516122014632001253025376250805246
298648199976212173620669199499285117441225081414002600011
2831027052635330286122761210201113014
2673131315700625332254025527201142430030512
321661512015142700012930230011228061270
620261211062327204121063225231735314
143101007330311131330100291303291031571301
33046330103031375129031013313113122113029
662921331113101303121230130362123212123147
5713251020131217031425852154293750126177
132651015151053253025320468119941241983918223911985411122651154
297312251406761720377031233314144324122
1541220740150625502254125431761620111130
113037314012460633213530325133771731260126
261121440312851552225932626114141014156
12101511133012102151140312201131301023073
126005906347230166262063576036131316102
012663616027062136461036211063614366303
583246260513031531424411856125331251253522150263
279135501062273466133061121551115298541995
6519511810719365200332122894312710249561112121515117760247
60291314300731312716710242830311101522131
0100146233307214131213428161312020012071
2301156304220629573511241251261231201351412428
33261301431728411512670306427315112922003
28242430715131513531312113360710010242227
40615272303014315143021071242390142602943
63131305243156331112865036130118130421405
121241256051211427329351521467527961024121230072
291065911521121985117175470401351444229692018136241363217121238369
122012213131021413223370412673122114001325
706121121532192721015113167595301202742
11220415122702786270310294201341241110262827111257
51261275144003020702702863351300307530733
3313145021262412701202910351333762251450
1060721261543612153525502542531173111012700129
36113144151301342600061215136082600300314
100144121131212112761261110144343033146125111112401
1271265621256012251620111202110118984795580225211151722364
4821122063626359142511352115282962736200403
7037331031311202133021282230421353623
1114131252957732064313428714012014451051115112
481240428030811423105105023112421112721062
363122141405712142512000303290235530202
31301222800330572803131217772731120313130512
010267122315424521243741271272515121672570
21415131131515027110015110133112122604311262
07311524329275312501124636213603417027214
014155318248762482534943049627001265043421121824153639230
691254254322545032121430231103216292291030
46028328510542151426400210201231021031
3302029305120151141725511250121214112813132027
7129370135225412412273051413330761301214
3115141512106293129627505290122515153415314
21211521321213617203121414363126126111253563
0310315123751415036166123103030411531302
4262152260620315303512079034501414429
20324151117617714100131301537505212024
8203825312034321045923061253311145233431312311311459610251452046204432044
436600314120113425251336775052520313
3281128230471313328110326112115014313032041
3223730144251246766163653721412763120712
3030154120412376112428316313403620145111
6073110110620222111526107312012516360
2514100616041275150126141173029612137282295628
3228021301315172810303031129130121310293007
1160362502214102450635762137310012562334
151227302107732610570581035220031193424560249247220061735313
25125121102514121515371017056306262570131366
36163713114211221312634063341415702777461
6077132341331611200122012727313315155016351
7541363317111256010283213840220021026101
071321566120604140301330461246013422713153
3003636262310511100151521112015422861535
31514125292271530030223131131313029605301328512
46161510630612177161124141153296130155510713
23126731515248227239210224487019989521252255136194199516111819
857132515251513010102930322915500230304001326
782051331323001532145513112113621303301
3003285134170625517122372721405602433152547
312307135605111229144002526113143610607284
431212313323013102613213301153014370414112
53414142236230024131573003147022514321
61261262210214151457213751211210780720115
02704141556043318407072631213141145300
2861242636200626311614560236357511330133215424686
1986676324452543764199010882249291024626156391611331361381
5134104237016212601104412612603771314713
36227312701274123271007731515142271332513463
141562030310532540031010126222525134282511626
121472610427214132136012412213147112531021002
1261401237140015141531352241513413617203
504330110112711722161100117001131515
263271314303121125243171271257215125407314
123429861612405232610011311111447126125212412
12511211214263340312682512121899205119200279218114923295202366132
253903149215121371102215141111553432201414011
2928723614014152630310228312931616361101
1636707011250012285136032535121628261233
10201030162121053052150021600302225200
2552532642537402552554062254252670325425251352701215
14212672353161721413671215015470121426
73052121210212221254254303255255020255012520
0255230252225550610150317003247725035311300
31232613042002544215005301507280000201
1041161261122305810719997622314214125199742104958112471225013236611
61213172330112101116723029101033029330
3030300022803003029130353723621301250024
6360030521371129340151513625225310325456253331
261426303115313215145603060060152177121513214
522501501314214277120221367321617007231
3136261453132291230060007051512651151140
0101231121130110512322150312504010416214
142314140122145001309587141270126240011334
0313415261201246070101007011617013430
411735233547419868067619858856253205712281611812285030101513
160712143617236611625106233216211310
112001213151313112107075303131029412312011124
0604621122242962101420101660630512101510
3017503103557021313126103301136412712724
360132112540510200212502126126213126317771
162042014015150003232136767062230001
0124212741213600077630020113425302628420
15756122106160106285120328202103741511312714127
127126355301260127012610126715112736241741997121243312148619848422816
1447201912271106327612577412021266121185
031321431256161622140661213215121255124
13004110005042803030515462634560151217007
62297062241302114250632171100706213272
02303002934361666630283027429132861261310
21313285151150115230150013121415530211160
3256116372377113231552020161733263626261
26310626561367605912152120142722301152483311
331510254512133228301302929731262262264
151542930615662611725557931990862031189019771204089122912534291524921
7143626030601643163253701563621705004
15014511612001042136120113131433002820
1351236012252501512126290016314030371204
022144121322863212202142525432532067203
634214214143606162715301321220315152171
4114150221413603371215141520315115001433012
2015141115207702214521201231015413550
2831434283633127313411581327295116177713626361
41265015152502903110469293137043029415225125542058
11219936820077281111967420043771471811929539262411253322552552614
50313157252252042043710722552534710320302255
025425435422533255421501364143342943151301366176
23112131145300129291012302063124150661513
0301246321314032151311003331222015673127
615121211131450710611773150300461060100
151513724701362016205122429957655704176706
362161776275626077060321625251411411515426118
512322112712000115227307610120253133620111
16326115251161301549965720016820312310763197832025824155231119
14265585621401536331010296623031367107750
02641221267213021313021011166713001601
7021435280177007123512771453313172428325121
13250309251231501462714150613134310328322293030
3100125307572726429605303514145283113031031
3101013529029122929713014770330026315714121
111828104132571412712210261277240249772151303113610
254251512511727527612405145210120122586259235624141463
59132811385812772213410318261024109472416466501028714133
3021898201567209711211219380305452620352148161512112429103101315
6631633106162251231570621521660663143020
16666316061213015151531002127012904541313
1221271365120014151471027126501214134051251100
2927628313712101501330126207150001555135
2512021513715000530413321420702303414112
251412022273131300294135291250121527288414144
72741211513073303147288012429290103281293131
13130129128711313611613525814431028624022731
3132582674012725061293032802801111342515207
7712611122382920188019974202378233421121531134920720372852792710127
12702311273112411262521230126162133652536220
52633512512671071241261210125127011127101261270162
13153772043170611714606015633610614112
5057111351161612014303154151026632027305
33429130102310295117303051071020012620
02716022763223677023031412102930303001303
3286723226702932310314143031303133283302933
0029260270313101112006132125241459311729231
4711131122403036141201633137633713153021
02357314341263011845203137791941185388572099619591019203622710
57142411126126221275070060015052151133332110
3012135104141430011113113000170212400124
32122327621310116282016120105126110052
2114141451141557203593771612000122723116
53131202312912303602631031303037531734103
6733011313043052930311003303156676729303
277328711707728029616230311915372030236
1073312917131424135507011431303230613137
2030286630959117140111251626316335111328731
1414010111561095071451261271265121511535204345671921032974
2149817194917203626105715231157151602232972327297132
65136510534013506310130604125815831415151
613620036292915630812211115061241111212204156
41019763428231137013010120511325261612012111236125
1230527831331214132610161215251076263210246142045
164814136021901128146358211324175554925317151445228149
165759841058359113105200760337133015777222
51211011414331515659456141476361620265151124
62633115279123161311267013312115122614606072034
6216330606226159611456127382425621035920089520862236450
20402004920123112865211429133051201255145382122502556
13641422133132511250130122502534121132280311506212
5277280301003027121026262127242593130341
06263531070307127637294214130135826117257
10736327558131233062630004159355620162102
671357016061321301533153134041255155412306
631012155514761214131311553513568034603
41130122722971151030023047228063115041412185
29277229225101251232341222001452833280215062931
4529331271315431096572000701951101232016188221020431910571126115
92926315012211514250626230362606211107630582
014011446123157222037215002161202803061
730610124112625721127125731124202804701551
3333051531514015316511002123130113610200
314531272112430741270541119151212240061301273
312612531266005301021251262641235126127127042212201262
625212612214391227126515130620101251127515511012165
1243204735041240125534113273011297157606043
26743614612936315014114476212701278631012127
711251271025022211837204294218955822499429566061122020441660293124
1195281271212528030727957637112212030129626563011
300312270313512315730313530712303128631212252
2841120712215125761124236111731430076740310
26021114212212632111257033314136203717162
150143311151400212131621261270412152527122013212
532604120041218151420311100151553082531311
015015422622331541421212001401515051250120
1231212727142907624134061215512015431321129100
12761561240278016201511328001101171445133
31356415629739203466193475819680252043722495132613113236372291
65141103613112525141142732857281013131161412265
051001262122520271215231154717223366604
303213512023141634126127127375126012510021271
122124601170306312541200121713700367140
2525004320661221231113131565111555210
121312501710124343423012863311717043
6131272112772033033202800305712803200
10223030341514423513741413123412532910033057
63114322141221311151166705465030000226
30314124111094720448819274201252124810742820431123655271012086281
28233027733715121413214152662114153032730
29521528296005280291300320117015142015623
651221163512530131171121252621761136120
63152117031124131513533111134149123172
1262172143203504125412271305903012712560102
102912411111041115131261271261243141621126125102127126
61412712511274351204601251271914520062512512124
321015261250124130112712215132617112613346111153
723061151159589306531317144513121230141212347
1243600212120514011526201541116253108594200104186111049212042831
115330147212331422141515151012325401301243427
108511412011515101415313115375105125012650
721240016641317230305732413131131157612612
1515009264297012557321422521306311552251
2037315126710041513121727121262277228614033
1361210221005143126285373003032296351313
0129715152661266363165296267132141200214231
212521262311241032106312815321011240212262611313
251308591101513301135982477290323312721055102
8124113020118291261512730261441269014610936200411619988466212520044
1006314312037112911601414301438302851515601330501329568
36754171047134612020411101215111121531523360102675
1002814482432655310282328431027291122658615102161
112412031638351631156230319595463410151523101122625116
22508302795920118932114204956191124132537327121422631029122
4411136031104620104106015818914161181123118180352656101059
81350222034152792818203132025551179919918225219920084410611249201410512016
41121539319937518108332220381754125020211630132041935112040320423722511
432021320204261177251358219109711543561921138181132821114186
7181131710637448102622012731987121337719411358192029551448192760127593
481075310621109115255423718555623457123615123296120115711231440
95646581315122325524042315181553291258661617362153511011
532111030161213120103620565631113264151026911801111728121231117
58216315551911691123321272156572871857107411940224222305111412124
285518104330381860462601322021145460113551825124824376719
492010255323340113131162059013182392922634115118294817244024244185619
4141492192351149191145196461774265545711505532712512122
11626141201551559711704269410424117523240263111524912
55240151424372713423213115200971220422321750102342024482011724502829912
3110248222232551224229482115021407155229481148228131125384246
7324918126053526224612292113151360414700301277271423
318575012012592057209123101311312123130312701232213416
11331221811631355122124926732829492783218322662506
29726592041311147253641111304117551712612682852
11253271055121113127115801310522722612122452071024822
11296133155012414214342101231994682212711312911513301
251511529882911512912314275315536161131911435118181550261115
63851991662021194757692181255917203219534327111219165606599171263
20121492627102581029101850975475631015123016543113132413
513163110626115710273255909495913251161012351601255
1527021126917421501414364151225553191221261127222
6112411511775115014432513060510294173110463
341600606106588617957102830115610001340620043
151370621410102829307272132912840274732231425
101156289111552852558579271321230105635271315562
06051572961024926252153164303031112538424514313010249147253
568019888719211581214792026591024118153015501725063148265259253
1205291051427105103063115251253931105405418132501612491224
10302752911425301124272273114254642542225395276
24917143091050104605323662511310614160041524
29012871311512251472481518205425537732542541325312
66225511252617253255241212115092522246715382540254252
617249121400013152541421025110071125302522550371162520
517212153315252312555150102522252926511360713431
0283020141470254253121251112101415242542525141131
1311290299232825020148919611910422073532020571610915562310254133105
33322841014046045950215205310610060061513
377123463162510272751340023616361029322773314
31010137003202254722712141315513201321115
013330092300401212425302251253252325361425210
1537112320103202521300364035141470372
1414112062830285141014511256010215350115218
597141004963413155512596324154327151221260203
2593012612015701122895721462363033371594
00593111546026132213339220457222073441180195725120176129115130
5311156316317460101673010025050031321
1027156355940660023043152131513023773110
070622860134256312440331416303032511267
30351531400253037113500212661412620560124
21248314437123311125127514122121012412726621324122
1241251258650263303043312025303102930223052
142912602420313415012527312616045605461711
2810204232040311029712442144075935123141372911296
53133012137131372854302813422025498120712747651142792539334
30204019512762292714106111014320150142312101
20141730012804145103513130714012314113107
103313101124051243634071702152163130113
293040131561222915505116104213713531115152
628371528542844292941313429010051341283304
33651530315011511401110711221242631160705
6200613163277623213641327712015204214015204322045
4204242141141102822921283203328271501360714031
310272122820178454223795002508874920897315623203620712122213
131276930230029311543130318571311126513211
151141220432047204602045101452045204620462046204451123653616327212
01219610067106291115101101541250127421212075122
157662951201413442126511236021410111031631
15076140107000733771221641411413021455
1402154104126314311203721441613134522751
1254732930312714412015101252632121129315235223
131320120661058017126361101535937673101141100213
4112647354115945282233401118115242345541452521070415140
03011428328116701716015729514014422917
1052929231031280620122140132276143140115
12702280030673151514031232126133134151511536
3621630356121414151430164141522123150150151014
14331414345301412424043027350177000061
0626171702162011101616163631637207720011
1250300429125212761515151040672923307396222
6060677023202501351011111422428148483553547711722335
102511391331023533017617636357603160271620
2556663306250241776611530562626163363
321207132122133530037122122112630125331061514
21331015411251071212527526131136161331301063
06081152703131206316361615716002258315603
61006302211261200614562063162035346152591
62123130611636622060592811230715271113126
5911537146330210111621321326322421751012
194010255217114365034984011221159112945111412713620446373353
14203151023131360426106115140133151616335
07010636316227463623612153117651280611
9017131120450320452046212045000120472044713411295137360
0585241514372314628010131110041212725123
7621142330015201360912212641502113132124913
812512494337302153013631231105035293330310
5628130107123152136212471661132520735561761262
0102511283110317002741324901255720529744204247842266
2525293203133191201855121375102424516122831120136291146152629
5116130612122575815441459163723821426415310258
0410297531812241122824921525913628413314101026363
103355682731392658122124309256423026912313134
121221205821171243124106292997161024026781251125963
15130002360714451215120511231612575210100
1260126715112041100306226302143612547634
607062132731043515531121243170000614131232
125156312464125436125033122512413127413372264826220114
442004121535610243203580352381118572926420125126122163126221127
01267371251262111113607776714273040313212011
151312561313210216126212556121271012612571252026
2151243413546776071461557101231263431012
26431514407151215015313311347125124416212730
106202530012107126112115411271201316148123512314
403621140377311061371237126512511210517014
2713121230282921557152142733611622666214241314292
34285135311433127812673120512529280591261124133822762
1102000539315631122003764023381753240262831912111541331340512
03130615141411515353123312004141421440433
3620252822951312100126369127112630212511013
160443185913210033531128414262100015757
10061431315029113115241326131315132516112926
144051215331128028111110312851350612155331217
21410331560312284215112931241214260313031422
260028412133771555956060660521243103000003
0020296145362026315143152434320151451673
223130294332512293611920075780182484199561882313250197111637
155201232212651307282271211411232512413231331
03141513061152610461112512441326014227272643
021352910561115661111160614224620572429229610255
52622501120407531613000100000663707620
1246061515133722552634461103124354004305
26031630162622704615321401543626237331103
361004130062930514761526553031323132838630
253829131242413400017702545121001260312303037
732802814729030212842433910648198565217482051231993441048561028
92488428120776531130030313416301103000361
0265215103028710161413132220001511511242531132
620014352612112651135959611012712835151142729
22284131332811335037061413363621591301926
324531024036121346311020160710102361
16041037625610622363626014102103075914458
05936161454104241022312603710077661524952
715013231362857061459626141515011328013341411
013525525112321313092199166197611148620365203735119164311132122486
153273514150032603284151021415113110147251231533
1221421215613133204515661521513431127111551231
233061533624913104266283031122231261161259872510
272552532521025225451516029210114254676228111532745
115121362813285172930525330287131302233013
13332130106601240405253100254254254254325230605
25425333253573254255423430721514725424811328107593463
5360501353130127143226255407116761610111
012534141136243367420441261971192364184199477396134314152517111
29311280617173203152213211414141770282800
531772307102103137730353101132612530
190030431370125616260201061331151423142215
0116375141226633532931103036151251530030
7353122861272230203287173711572101330
01236355710613031231776061362631303622
061316057262636361707324151421125723172310
4291241015152312512712312013311121296131213014572
12112422414331421321556135010755200312625266489846167199942020
164511910002703120712303213115251767151
11206162061612332620602062621336226461160163
33626337113000142130313161141412712616605136
2311521521500761240617615123012611272710130
1312027117315137224136235010153771211
0011512311301322131221273414125123512223765513155
16017202607311261237200033321261260212721126
127023011271275153114154301151313351130133431
029297157605512322127126027631261251121270012213012
1231338204185197754622948071195627520432410561128415271279607301
4034160211230126205063027712150120
03322605151523001522147001712530643514
373128112767604101315125313293134151522014113
6230025130141513762221111413134631411152131412
311313404126712112000317636237158466111162
2670115577413177113221201213123133663
0021113011076016177011723113144312175
2041352045853012732160103603120454032125101
3126127002850517073370133759202837117217894593226
4557120184225314261422043723513560271660163261601011
116062026717755011042330314011161013140
5226056362300600572413014115272801341301
1214220414317114713151411012503204412721405228
023130431413031441101014011503214141000101
0141530520421621032231313020012229377
02840431286161213053520293167742727375311
285335237006060156512132717720442104315130
741400372953123127204420162151432015562140
115221522111450792017896020677462113102510691991033175231140
0632043310414115736113140541515141063140151415153
130151200021036721414524135320470204466312044
100703313155131292872012166146600212332
142151233012596300606221213633441294531
2100401512542150122513072241273227029716
035257021430314001514150141421501762130134
16110220226281286621031002132802283031
313282632031135612521001520125610621634310229
07152702264141561300131732047232031438024512650258
604487325536119255026132710342039424131424293029128321
03031473290295234131011201576315126512251283
1100132600251515528311141122122044105131262712
5025636016606063611514222563421430612126
629028740247305623063176151303631514331
22646326221336115283226961512155011270221354
4956513000112045134421415327432060313328
67326123412461271521191165026311061228220155321014
32313010213421073512312151512126371341731012210
011535245117477177344317647168412992113245174213925515221212112141218
2642611882111252329131171146212117121529115511220137071169
2342601291312051194331242275183521811182351414551565
926242361111752361004622722523510421171312443802145611126059
2481201274324850155231232106252172491024106358192401528162315348232477
5237248114117482419531824862249324131104485131449252655124
5611012328631396311201473543551811071126548301002049102
1258232455249175415611131213273281055812221102570112931
22912714251742482325323026022629229532594775614
0542244579507702126228954583724112236392125520146071442302929611
125121927430714612013751573112112231313261111914222
87260703252590060415856142014601161431128030
28562056102278125124112134492829325521532429155121239
2152522255830412651182035020361528223141572038152033195310
7251472047921552047204720439242722720411010411531122449
310492044202812204001112429729585815202895102044103170630
203561513204310300531312320451003820406020401810923204032042520351659
3591820343320392893163824229427322911457050211101124681975
211117456302147381251108306316011203433973312531043916223115176153201207
11220671542911241511727116317132257301371528452442462150210
82755162527482342123446105711218584137012461121542510112
2212061341202111208410125961476112713142928724126358
131446256140958221111020699624461411231271014234931
3014581486125721713152612015335690551420102063363108
43206051631531130106061606058507631157311122728
414137155913481914124381279711714251512301112193025113201015
3127585596521329251057234571762062608311429559853
2004641981031297462309333192037201115126129106136160259130141112930
0109249606218152512482310605710290000290296278504144
271221010318701132132423185942763615761375611
2593926135950211201261041159111240412114327286316116471027
214917123127863104510230976210582181152413552974525127
1123126126840181234412329268124825813580481002161581810120829
61549511401222812122511510211711811226278372125951711962
12212782603054711221301312011521018114162191191312710115225256229
1552755229152748179117291973524183912612025726121121663549920
1010414611847517602881458881989741921204729944924282542398045203178
235917131221262011073712154312322111022106062062150133102526
1455542211711716591162929951232461551713479122101201242747
0382221326301141411331603591712123151962548236212531162344025
5123141241164325413215963631321220126152281146123169782652828
69127414190181271602212131152231271415116231527141192562515
210119704117413728311131186912320526123125292410010123104
303171152291171121710717113116150512010391132942010454639728
513290710117225353281005755618243283191543302126357926
15120928141022127312286281238171237121132921126151162745243222864
19896525364481497735722657111073620181652107012711219116263581123127124
4131517532528949302472503040721442471882112413004353
28116828749241171412522145501161102729125711151251146812221
1271011126117121191652329495557126221919591514552291161115
115203221031083022605110160203920472436114302731463111131912613127
12515255110153121142502119163211231259911327261159114771119
212108160110143141262122152125123111959539723101839631511929
1318100121712621169661481084153106302132242112540115352018152031597
8010721124123101144321246318116283015116213120311141015124
81326352542527619895189215446235067019460531049110452920364516141163163
2511522902281231122135512134489235857928415287622725
61313234624612353710314211222804551426963927111443033130
1050711201175812571222291431255414917731227102933115
15231128514121012112315201231121230855623224362104521043125282620
11418112235636315252115142701611341180091622010431047
9611231430114141311444212371235714633012623901912711272215125557
379649145210910342371521592814924131915211231410625023114
12151211191062912317221210513511918910460532425616521181990127
169625094687323445101362910220193913111110754257843183166338602
6657971556762114601610471320212512413821134798418111441
11491052220421981322482901412041075931248561812128270312512120
1019824965163057303146975753108290221151125145431298732241121
252623205705123371200125311511115735610191211211716811108
60257221144117260267300214910431252625127271256103315854
1711331162087152127675355330645281231251612831302251214
75214141412112512311918159191277310281266215866611129138
17524135361166262425711292474325336114199011821065504483772481146224
20322639124924552024622541865278254252324814135210627025247237
3111242301110212485424922552841125202525121242261525080
24746241454244122963155766314471153243146284427127
4127105746616010182152610261230766310250134442
283192402112484141324942249523725311112254201111325414212
426252365100025412511215525522532527525014925101251
332521255900127255251829131229685806385332503030
31530111172152311325371425525525542132106249222
272423312619891172096848848283236196935102298551311024807072511314243266
5202491225087792551415252133238252252528601824190126246
2429240150792491713262383239824212226488114624172542861345429
2448133385151014065416122193102336184682641029271039
71512071251025251201879634146098162112318142937302729631457357
213061230155204655211150145211204320343825442411653111531
461120481212421231812523117469840212206020531371029550
1051761415700151211200195258217284864581849229203292017
3331347191120427204028442955220441211452568592211644217436726313
16376743519723302412492837122124741274711791711411221419635605762
18131250114175601660132011116493112056456111116922230
2996305601053595528122112590530601742114118127150
8124335235431229858262552512112458283615400
24611316617117124512212371161962410719135654821214115113
11219225829112441271126112402126231274151404733
5141023112193221233126111312418123102412857105212430112169823
2920512521421512712712710412114165231132259106122185315182033292027263
71720321420370203327520291214203329281271417203352044794202284199539549747
184719119333728191081161292035629301514141619532772712480115
50356171532122585992526531920392046131845115671228215175
15131558852781271105011125196384928141118461115529481
21431152621129021132042012040219561561027271857515531
28130122212736127471251265341240215320127176162
022411141531652902484237529301310297014146221
612152126630624758141131167145292996636251032
67122795836152126116586241301257657102146315265
37302710248129250801025414278102312010251160131248310527
12202022541791975215685092201931987331171130521524127242241458354167
824614571618014609252287125900156312133045601
3459141315622243093816017235099512931104396302912
6051238254912762222824782409244810245025516221152542539152463024
8271712629029112623658241126304863015150558197
2660291423488853052445810215528552911951252121291151113
41131558301911491142752312522424417126121256269538103980291416
621982261134712671163619328513012111021222262401024524561126100422409255
92238975986201102315931120425512250621031121261054851961732211521542
51552464389199386198145318219873325311849215174029196254724113275755100
61312215251103123111321251060429505282111137293033
71215281131171172115201153012680141262025113202912120605623561
29712176215265294232578025321706249132451434122251
79624314137866825425513061419012183131112480254255
25303000267321102471228212346261236052525241310727
12252542531031070302861512763046131537042425
1423825103793028508136350253221251183160452101250253
27543522831327517561229703241101327304427103179217
188019876921512049414646820075202312215324511141713606102302323605
54562260101311121141527543615065134311
4859151633103145812414031326842912942911601271
771251026576214365259610270313111017611412
2643511015370104015161240125126301271241261112450121
505027234126312505013321112061201357124125124426
12512636130101241273111153032123412371211340632626
2356293111312810596053259075343731462714213
74134241131271276150313015141208242912971999642071094722651443
204481162555152120394517329229413612441438125125861061253126124
06412213014312077671741200040721312370512422
12600521321371021121015249230141534063412302
004284320130533111412265131156312136291115
707615253631162601141714702626065814012261
776213700620110120131254146320666314
5224152711201311135301281227528527328942
204747204022812197292661052301292261141251291313176275900
122775271161489120451222217148548759712001031049222028155940014259
7512712612582401911428121800262822253272411751122631131
124132210171142503110314781315151314346229151105911782
13592371710362036220395820458614152601520477204584203821
111820407102033295222042204787292222043642046400732777204140
115125289596262843262432847110275331102
32931130029631444733163171536176033130260
31531342135126163103114506301362141252692
520420477321031121125012958573342202141781969130
547923250298117451424203910527553614462502562134715313
267731223112130026723111017561773157
51215111463302132317151253032813041312628303
6122101000214252972140512426712640412031413
153721514102251515200713013064361214
112121303014033616331130213103071421315
1115101270331030020030053141152212212
12142961331300142860761506006171371313002
603141001514143002501324430249611111992792141622555932017186
491022915555247112530255125453316501120315152606
31414312312150141331342542553312550253176253125401
25440723110001413527616201252206051115136
676620015110113144315962612113400303
1415131121512002570135621312136011300121
36306203310630630620105956333161360316161630
6363151703504130316331060617211262832285
3428232061201226726833113177122902925956828
651002330300012963012062124802464610658200069248361
40246794520283116021610120201363415136028262327102122457
2790415230432414125292935121336313630523
28228031030364130235011314151013134562330152
07302720141501543215301727141201352834
372902870177770723102714292652105410627110
1527231112215115762636133003314321140310767
703110121309271311297373241410283288641516
23151315132115127721352642783513469122151400154
2913713221456151021221511423111601612263163393
20376822274293081246823930282030135811318126112630131710123
06163006231658622002636350243001062111063
00031067232016311621061106163362231137
02232860211537326041253030730222314313
2600112551061621451011457660733030123287
62813101303617720142641101515131314530312811
02631010251028307723671133724101014150
107127032126112470310282030735601251151712312
11343100235220001312133112762711321335871993
701931074106197863425122044315782510126211301046071363623363
0302317326226325626203363476131331414
1015131313166700161163162611133136003301
400312160301262771713343071521351253379
28217622965328421206500115207721202155
11523128128023131310312670100612153623415
1113333029222003030370600292929367293030302
01730145312410471142411125012731212115451414531
200333092123311212312731152928910440200668207106108220110523
63182036286152303102127100135102277282305760132
714147270426134410301041042031351411733272
2286531261112601251212012670728521306604134312810
50672046153313513590581329604773153721222805
03123006660054605403151420312215101526
625331031313131207115463062276612361645801215
11557011617211141451115141415141546333363013
71731824300513501204700470171212210305
0291157363252021812056648496488925322446711519535112492047422200
051401515262626337603361610362630261147330
70156261723233012132743015507607362621
63351141340111315236253143215002428107
3114501216116111121330141253670230283130
011296532133300132296700707210121228
29056231031132313005529413131231526143770
3135531052304040721330101211143171
140120173301235020321441266003137720307
32661332295555154596471999711981278822478541841820311462
1127101236113036120115111003306300610162136032
631162062045963013716214105163616591633060
514301571412471126415641335613031501201
2146012631182654283294212601776653607210
06325831510622113601125003213342611361612
66631131311514557346162063160256223606067313
95615096150337627012152763000363636360111412
61020130428610004103312800303315827015702
63106110449273259632142610106251535912120096420735336
2068120201894910992751557152304315142751401515172041
113732550253417254255254254512013251125377017130924
1206331286111262531245270329330513151575714140102830
41512000361606283329103151086011622612526
7315015221153826101031625662884262598241214531
3034343411366067152630351200150013231513
1221256125171210203223131276013233722
356600300002850315052941171104713001559
411515145235130133271296131521262124911142542532892041
1251961176123212481113220321948171132714636127263629311013102142
134713331312151223215101557611041117137310
471576141202291353623137205283297106003
0011052322913013515141101300632616295258
1312125651531121214015103612942327306107207721
115243319110306502231531257053122414152776304
003528031642929420524256122529025120926152
168295222512213410028245565816190778625260
58119516232612652784253254125037250172552530255191535
072291530252606619722106847621124501718819868811298611452845301256
151233122241112251515152304341211414153124125125712
151177701201414376327104010377013500633
7285417123150135926101337660329100340628
03213410236131115115026296141367121220106
12612450050512311405105351000300335711
73141723153343343030300122333351101
2141153003151141152103020715141260116030
7131377142714403703111293331302400012512212
221511015143272951312250130612718124581990662017848449456
6620010758518203418105982012079128602363210032141414
17331650140144071311430761144210115140
153020010031528292228515333041247121203151
21053146774126411414215731653621361663126
31133707125126613301415150133011563153211413
1023064151505126671265251261263125572012602237
7201270012723126112743135032212400124713156324
71275612324124363133101101128613611225103
619551315212615711451032822833030000030313113026
145805910146199712724467482507692075896551920384412249121237551561560
626361612106155953535121500141512025601639213
150115522621112103014256362621163231593122
151243103602124501612415711251112712751313710726
37272225417025262027729303029003130505
335141260414323315212143015211021328291300
110290292920267129223001297172110303201
2067743131517122411502141260012712462101030
1101129552822700661326021266112430281600204
2801296042615563561710619941182087149319448762031014892029179611123
125132515231311260716116062403005621270
414331231403301313203142311401029311311367
510145126226123722916201540611620626110334
1232026714000271241260126310320105306621412
1122151362271253124407312712722127203112631271
31126123341212527022661243212626703126125711
4132032615137313611616750333131514214
310311312671010656151063534126322137625104
15533112127112502127321271012741453027119392047123203884928
502123196100231249162037301153301321233100115154321531732
120303143431031012312702361016172250
03651121214154021271512140532863213463022
06121054151413426063630415711128012110067
6113151201202663014107132201515001415120
030631280662813293753112863243133052746230
3292901203032903129032811297430563301300130
03131310000020231233241232120580610659513
34291284012013113256363162492023297226702
03103015152381231312122253720006821868490549965223391099165019
520422114571442810576001240331261270266125127407203
7306127126036123101273171223125265123001262031
211172144310230309233173561300211666628
3762821016122611615003010327166600627
13650205371505231130211331035114293302
772310303020227622807243040043030203002
3130103330031505031302452003123242703
1167303613126710073002950629329222713151
233131501162631401145263216364622622125128
512114150011405002607331712553125314100391999
9019575494285046920943104926502020381062360152451312116014363
02760132121014331500144051445012001211252
1115151521772111260621521013212650164143
07025214151515106056111045143770251362636343
1217311612321362521412621311212711251253333
127561241263761240012630771723101202701510
05225036053624030005112012700126101262
7512611127012612012713126265122712433125101257251255
5212510012512712560122360071110121311532372849
6060107031152513710331121120013201320142530
0271351320294962263916109431995691938527144876209100316110
20301418589271512210289137460672127321562633730
015115276122661412150234713001151221554
145011171200315046242267127323025120001
12032314030277202712616031450032862211
2140113331126822348128591101465933162582272
36303601156131414400617284332034241219
280271502125236131760112011143212614151371
73151425512151332211120130126236236353
1343127751415217413612561422121512511243125270
1761272811062140111515015140561301556141247
113791203868199913348114217489017820451752102612126924591231162
20661635720565100413353153161102
1340206161320112126112321623035122
311510287002313722312473321014212151415124
123227702121236302801112929103150629427121
330031440293329285151311121231531240703362
261151271244102700112263151020524124126223
4034575323122126531413011213650115157126124166
31261271263620272241028350027283032871133153
0612661130350202005070541003262131132196
201061672021036121223619960172038412335118105128113071210062
5973591411242360736162913041031213596011012315
0136010071333134073761273423721547730
331514015015712632001261240112676072137154241314
1435773462356133101151265513020701131313145
06311321332232003130321541142431300360
400407203293029773201612630260043161314
2761300120531012501031430264958204610596
6251303205313102731372352525225330325510125430
25240133511233835719876819710217671988820455410105265812244155253614
1431235310013417028030371016012830311312
6070213031313021123141411472412031512053252
1262153322610237143111626177072436040
3131340313030241513130276113147255325302552325433
255202532022541255206616314153551402013130602
1114361733060720050613013211151371511513
153612151370431061601500572301464143
12331106310615112261107626200135100012930
26043012731262010332693171934951996672051135983197
5590302047225929912011225641427353067135613202141412
214133151401141010141426613152607314113426
016292967300301411356070603710213725020
1440131126200237351267175127291011413312
150326707621620202632613163426202661
05014014313203112631473229130462313131300
3022303029321312923293130290330113012902029
2915723100302293113463100311130212833171326
220010131221227024211152663141121013125303
32823057129031533733411425865727882036762546948451160
6820310851526204518601122711924513103066213726216077
30031611106010606237660032601362045963111
60662015200321315366292420112120201014
1501227330130286304171143020631436031261
5236612011322131321514517113360514761
51151421250671101523011512400126101271126201245
50127331256167700131332212163525215112
5024210012233300141514011313151452837760
230255135632614561356130112011213012430031
12894415123673132912612741301212311270127212523432009123193
6734147857221108305516203717963103251412013332313705111
16014207320761311131229706213753103152
3270127205114132145621431713126112611259412
02311311111211015341201311157283282826143
5063433311263125012507131515061311400120772
0312111312302115143159111312032137413706
151340621515423614130151432015015140140115204
521313121131503662110220307016337060
777621206021263310021401472402262257712
150115341220131102020112111303129231311370
10154606016972003586518756500510701925299542620352010571126116153163
14276320720635971600623601111625592363313
13170063501622007716600172011414152
1150030412101213712711024127070730331240
3273031151431024126127126311110115136225336
292316512931003101286728203286713052141250
21123140114111541137515101361133145713010
1315315312141436171233112120151501433415114
55152314274141130121141433130712512530723
721144311131224500020121203213123271213413130
3036172930312801202151456136120108201468202666083967197
1114111311220304811271312282951500041713154611161336163
103020260563622661211216413426363623
00606141262415650151351130036125167212752
115420506283022812930714510557123466214114
2130267315143707131420771611220707253
027611301531122773015143214152723101411141
56131302151512215321312141015114101400151414
144071211447002317514154104035012560013
3521117281110015342816531312177115127177712
133141333663363040427963631510744203371244118524478217
1245082420361796382811512360291276350315522310
77133061711616203060001032607215
0728013103041301415151212237001335333027215130
68763021132631323061414115530023112421270
312512712511121412312712611250131270232230313611
42400030711221433141515613152301150121230127
6115131314014252414131671313213311402301514
331514151515001152610129460241311405784410
63123611526156292712136141401374266350
161512792171310441199765196800951994510129521820391427125525613
5125023126124113215231430012141014267122015606
1315175122010130432133312511250126512136512
43103307131760461261614121011411431112523
2062336360512714520030267122932922902300131
1333130328226336110415015013101014421415
4335155411761631030112014151514212313126
0422306107133031221453512112424130113142530
666206245156825143029590630203622721536311
30142260111151415460125714133120111551183320459022268
441049672111255216204420601027112601256141202126623651314
27027132156283329627322451211003763561028
662614303071201211111375120141412312571257631101514
31134616173257306111353603114114211124012431241
621213115361111130022604130115661201454
12769061475151101143213215001401411371256
7729029101525742820230213112026060677043127
671621302875331302075361357171264123124125
1252211232013223532712154111114703761615460
633723359112724529842203367253124371882207558926203843201172521
114358121523011430301228326017293113030
310031270040314513507160214231414
32151452000325613131510523040212121414412701
212321124272115372313011101414263267002
202360210103236216321620021030117076
01311151515143151131151413001602830532413
05277120360711160061616000610701
632611707000723221329210071400132154
0011127510001022137001312412306147291036
22042150046021414571357702622897201360752201124718
865122210617592215203629529241012414244261127326171320
2106216076303003317051201402107530
672100155152311413501313061011204323126
41215221132706037141330261501415134030320
310410612124127125125123123022125301124254230112474
12723127000121166172315317246131514010
1511412131512751401446710142660133314570234
2053663012623029326623012302123003037
1710507314135937060614432902296152072300
135959216059129113033361762140113513410430
77246020195087198118341563108218371711115411811204141262553733213
73533265633620136212525127171283027
30115101232212146343120215101440311302
011295123274359241522025311003331233041
26911001024160515101515305287314131131573031515
3010312312510100015014313313114101126242123
470236217122151523022303141151501415040
514130017041515122015112214342613012264256
15541240514144231102413136127362120133616
13155209114431230107116102201455191675349847366248902152162045
1659924118852617271446131553301106106337596263
633116274613630163261015621025266207603
3177011003173313030341353301255320114273
051153115013124613030004333022802300286
7007120031311434053151442224016660328
290313128123030280301505300000301328517311
3100282930293302303155287629213023212230230
2977231527502201324126125624012431251277103162751
113371111261243117312637521313031313003001
2820261457756309020406424866242872218621162314452032132061231112615
730317131200126326327341145011357167
2316021516601225403050101415140140350
20284121503312412475310423293711200362206
0164137717306153140134110331126122126124606
0241116061313707314144223303112121260127
2741257721231231576412601251126312471631131222
0123112712626631271251021262124260512474110203
323312711260127012711126012612551454120214015231414
125320281302971219112705212001723131221128
1326732612258574510020066018466385411221455107106130203230512114118
72410106762612127271447301514441413153029102
26051303020003317617021266151315220100
142605411283312514115200002514240574171281162161019
4811012004617313000728202324151330014213323
1103706170132113293130280402773114014
1131002053012263277253015001510331201
2877116130015131720231262706631331261291
32930260322155107563271101501005303723
3015200621022551022102252307621423034301129310
61331331761045981710521439244250205361925631315
31261125166141211125330011262132151273001
6063140136229337131033522553005112433128
514207615131225106123916478961311921211261311277311215161
63635311054112026014313140403031550001
051511231502704042510509663508025092510506203
5040162151250513042150713277760067
25085094237508508330508051023511005100015113332134
375095103735105095105100511416351031501033412511
20150930601242827021141531360277223612631
6235122761102134494832055789591046222463291171854102250920957612
10530302670731521214154124012402112377227711
1012033123401412404500290303013010302
6400435283061171336124012710012722012111270
1007213004031421421050162150320314507
063126774282130283423012151367201073144
10133026252125255325322531225311207366067213
2113214621404330031311233331111176623132
2151541606312245016262163032630326036255
62262107212761212660162213163363828023712
13671212117212611273651272615428725124582091224539421101
604893912791742253720622061212091005003132037121333
2111040141366123127620631363258131471636260071
11459716106236031360613125271632400213431
6734152142130206141231413628462832512500263
35361511411415325762991462731262931121250
131000244120126613345132113142420022046120423
15132042551204432045600630271213415667411331420
6402042415111712441354150031116151310706
30477732045015151415127320445372061410072721
152720406363632601120363633412277111251112592007127
1966547039494999452219301271858235204021146392603130362001235
312124342122221257601161721260125402100076
671301453143623550112711271212611151514511420
11127123133162265921030217625901314326
0260012140112123571241126240322001310017121414
122143313673151451241262132124112611261262200012743
612503023101110101260124711412701247630004
105241502061015301030011372307112
026123720411121117212701125301250713731130
930203116131125110053303291313601141512
3762132144606131351103481984187775015495194122491121204617502312
1152513417121315910606457034626145236121712
1100122001312140123107071307761012623
1613213621151773273115110502112506712556120
25121016061453013130342061137512673151313
6014131160063411231636363626351319612606711
62141505116066671700623593363626215320
056357016460656141346160062623766214135935
26015321524301432062031130731430663715
10152022102303282330301262610249552433274198974220
9444418975492039461911911271056112893121542091102552225230
325422522325505052542555142542522203115017202541
0254255332541252414151114733313030714210763713114
511028375312662251476363632713151526121131
2929132928007707120131070717290313131220301
12110151001210030133331511317613151264
1514125513141071315151514321441613213201147
3712151113100102121034503061626241313010
2240302491242122134161121205323042015366132
1207702211144111141443150255711719871192219049049583204
7933171320333050201411925611618153641026612364141121
11121115321512321031420122315313117133012
261066160226206342141413401301262114051252
60211410152124110057041271541341130131526
611060324052932811010000003102875101
3331071131430315141514212114022113241151371
140201246130110311313213213132301402015
215121231246215020301501432113112151321250126
101517630041115290300329163050414270

